4424109|Apple Valley|1634.0|2|2|2|33|0.04|119900.0
4404211|Rosemount|13837.0|4|6|4|17|14.46|3500000.0
4339082|Burnsville|9040.0|4|6|8|12|0.74|2690000.0
4362154|Lakeville|6114.0|7|5|12|25|14.83|1649000.0
4388419|Lakeville|6546.0|5|5|11|38|5.28|1575000.0
4188305|Rosemount|1246.0|4|1|2|143|56.28|1295000.0
4350149|Eagan|8699.0|5|6|7|28|2.62|1195000.0
4409729|Rosemount|6190.0|7|7|7|22|4.128|1195000.0
4408821|Lakeville|5032.0|5|5|3|9|1.1|1125000.0
4342395|Lakeville|4412.0|4|5|4|9|0.924|1100000.0
4361031|Lakeville|5451.0|5|5|2|22|23.83|975000.0
4424555|Apple Valley|8539.0|5|6|6|20|2.399|975000.0
4416412|Rosemount|4910.0|5|4|3|29|7.99|799000.0
4420237|Apple Valley|5000.0|4|4|3|14|0.77|796000.0
4392412|Eagan|7000.0|4|5|3|21|1.65|789900.0
4432729|Rosemount|6300.0|5|5|3|22|4.724|789000.0
4349895|Lakeville|5001.0|4|4|6|13|2.62|778500.0
4376726|Burnsville|5138.0|4|5|3|24|1.83|749900.0
4429738|Lakeville|4379.0|4|4|8|6|0.7|749900.0
4429711|Lakeville|4944.0|4|5|3|9|0.724|724900.0
4400308|Eagan|4896.0|5|5|3|25|1.2|699900.0
4398749|Lakeville|4624.0|4|4|4|8|2.51|689900.0
4402994|Burnsville|4132.0|4|3|3|0|1.48|679900.0
4376998|Rosemount|5000.0|3|4|3|8|2.58|674900.0
4432827|Lakeville|3350.0|4|3|3|31|5.655|650000.0
4399325|Burnsville|3284.0|4|3|3|0|0.74|650000.0
4432021|Eagan|4075.0|5|5|3|0|0.31|635265.0
4436929|Eagan|3316.0|4|3|3|0|0.29|632000.0
4426141|Apple Valley|4430.0|3|5|3|8|0.3|614900.0
4416175|Rosemount|2015.0|4|2|5|98|26.33|599900.0
4396601|Burnsville|4114.0|4|4|4|9|1.0|599900.0
4400094|Lakeville|2348.0|3|2|2|60|10.26|599000.0
4405828|Apple Valley|4248.0|5|5|3|0|0.18|596800.0
4432886|Lakeville|3725.0|4|4|3|0|0.32|594900.0
4416593|Eagan|4267.0|4|4|3|23|0.402|590000.0
4415551|Eagan|5245.0|5|5|3|12|0.328|589900.0
4431897|Eagan|4877.0|5|4|3|13|0.39|579000.0
4368521|Lakeville|3116.0|3|3|2|0|0.13|579000.0
4437086|Eagan|3398.0|5|4|3|-1|0.24|577000.0
4435171|Rosemount|6063.0|5|6|3|4|0.638|575000.0
4342694|Eagan|4975.0|5|4|3|36|1.15|575000.0
4375271|Eagan|3514.0|5|4|3|11|0.86|575000.0
4411188|Lakeville|4194.0|5|5|3|-1|0.01|569670.0
4189529|Lakeville|2824.0|3|3|3|1|0.16|565900.0
4411640|Eagan|3926.0|5|4|3|13|0.332|565000.0
4406580|Lakeville|3446.0|5|5|3|2|0.29|564900.0
4431958|Lakeville|4440.0|5|5|4|-1|0.28|553760.0
4383725|Apple Valley|3928.0|4|4|3|7|0.4|550000.0
4419071|Burnsville|4292.0|4|4|3|21|0.6|549900.0
4433258|Eagan|3690.0|3|5|2|18|0.637|549000.0
4336606|Apple Valley|4779.0|5|4|3|26|0.56|545000.0
4349152|Lakeville|4160.0|4|4|3|7|0.34|544900.0
4398138|Lakeville|4059.0|4|4|3|15|0.61|544000.0
4424983|Lakeville|3308.0|4|3|3|22|2.992|539900.0
4433462|Lakeville|3153.0|4|3|3|8|0.648|539900.0
4393018|Lakeville|4861.0|4|3|4|20|2.25|539900.0
4422894|Lakeville|3579.0|4|3|3|11|2.714|539000.0
4432901|Lakeville|3859.0|4|4|3|0|0.23|538575.0
4386107|Eagan|2880.0|4|3|3|9|0.32|534900.0
4409258|Eagan|3500.0|5|4|3|13|0.54|534800.0
4390797|Lakeville|3253.0|3|3|3|7|0.12|525000.0
4415254|Eagan|3188.0|4|4|3|8|0.36|525000.0
4391009|Lakeville|2826.0|4|3|3|0|0.76|524900.0
4385228|Lakeville|4399.0|4|4|3|20|0.54|524900.0
4437082|Rosemount|4538.0|3|4|3|9|0.271|519900.0
4395488|Apple Valley|4454.0|4|4|3|26|0.41|509900.0
4432053|Eagan|3560.0|5|4|3|0|0.21|502835.0
4392216|Apple Valley|5855.0|4|6|3|26|0.99|499925.0
4384508|Lakeville|3656.0|5|4|3|8|0.4|499900.0
4426205|Apple Valley|5322.0|5|4|3|28|1.82|499900.0
4435329|Eagan|4146.0|4|4|3|12|0.74|499800.0
4435887|Lakeville|3992.0|5|4|3|-1|0.33|499495.0
4435631|Lakeville|4720.0|6|5|3|12|0.74|499000.0
4423379|Lakeville|2846.0|4|3|3|0|0.35|495900.0
4434103|Lakeville|4100.0|5|4|3|20|0.46|493500.0
4430547|Lakeville|4141.0|6|4|3|12|0.47|489900.0
4425107|Lakeville|2977.0|4|3|3|0|0.293|489900.0
4412995|Eagan|4098.0|4|4|3|20|0.633|489000.0
4425531|Lakeville|4177.0|5|4|3|10|0.33|487500.0
4435865|Lakeville|3461.0|4|4|3|0|0.291|486039.0
4429498|Rosemount|3296.0|3|3|2|8|0.156|485000.0
4437089|Lakeville|4070.0|5|4|4|-1|0.35|483819.0
4434431|Lakeville|3398.0|5|4|3|0|0.275|481750.0
4416908|Apple Valley|3625.0|4|4|3|0|0.27|479900.0
4410130|Lakeville|3680.0|5|3|3|15|0.57|479900.0
4414373|Eagan|3338.0|4|4|3|0|0.372|479900.0
4424402|Eagan|3438.0|3|3|2|6|0.01|479900.0
4361036|Lakeville|3141.0|4|4|3|1|0.33|479435.0
4432906|Burnsville|4425.0|4|5|3|25|0.391|479000.0
4407811|Lakeville|3955.0|4|5|3|22|0.48|478000.0
4429067|Lakeville|2926.0|4|3|3|0|0.31|477338.0
4428792|Lakeville|4050.0|4|3|4|39|22.02|475000.0
4410322|Lakeville|2696.0|4|3|3|0|0.278|474900.0
4391840|Lakeville|4429.0|5|5|3|15|0.52|474900.0
4406211|Apple Valley|2780.0|4|4|2|0|0.74|474900.0
4365941|Eagan|4264.0|5|4|3|23|0.41|474900.0
4435027|Lakeville|2584.0|4|3|3|0|0.293|474900.0
4413626|Lakeville|4062.0|5|5|3|23|0.48|470000.0
4428855|Burnsville|4037.0|5|5|3|19|0.443|469900.0
4435159|Lakeville|3100.0|4|3|3|-1|0.3|469900.0
4416878|Lakeville|3159.0|4|3|3|-1|0.01|469420.0
4400427|Burnsville|4360.0|5|4|4|19|0.39|464900.0
4425371|Apple Valley|2898.0|3|4|3|0|0.3|462900.0
4434452|Farmington|3630.0|5|4|3|0|0.24|455000.0
4435809|Apple Valley|2753.0|4|3|3|29|0.534|450000.0
4428892|Apple Valley|2854.0|4|3|3|0|0.18|450000.0
4422461|Lakeville|3734.0|5|4|3|21|2.61|450000.0
4434272|Eagan|4077.0|5|4|3|19|0.38|450000.0
4399341|Lakeville|4756.0|5|4|3|11|0.38|449900.0
4409085|Burnsville|3594.0|3|4|4|22|0.5|449900.0
4400249|Eagan|2800.0|4|3|3|1|1.37|449900.0
4431238|Lakeville|3874.0|3|4|3|19|0.51|449900.0
4407986|Lakeville|5124.0|5|4|3|3|0.283|449900.0
4436350|Lakeville|3012.0|4|3|3|0|0.23|447530.0
4380602|Lakeville|3159.0|4|3|3|0|0.267|447260.0
4432311|Lakeville|2870.0|4|3|3|-1|0.29|445190.0
4416782|Lakeville|2752.0|2|3|2|0|0.1|445000.0
4435025|Apple Valley|4500.0|4|4|3|12|0.74|439900.0
4433617|Rosemount|2896.0|4|3|3|6|0.28|439900.0
4344177|Eagan|4005.0|5|4|3|21|1.54|439900.0
4405465|Lakeville|3154.0|4|3|3|0|0.31|439860.0
4422992|Eagan|3884.0|5|4|3|14|0.251|438888.0
4437118|Apple Valley|3650.0|6|4|3|18|0.33|437900.0
4436370|Lakeville|2658.0|4|3|3|-1|0.26|433690.0
4368324|Lakeville|2824.0|3|3|2|0|0.16|433000.0
4425333|Lakeville|3032.0|4|3|3|-1|0.256|432000.0
4386117|Lakeville|3400.0|5|4|3|0|0.26|429900.0
4436245|Apple Valley|3048.0|4|3|2|-1|0.15|429900.0
4433279|Lakeville|4400.0|6|4|3|11|0.43|429900.0
4418960|Lakeville|3215.0|4|4|3|0|0.32|429900.0
4432899|Lakeville|2909.0|3|3|3|0|0.193|429900.0
4378276|Apple Valley|4914.0|6|4|3|15|0.44|429000.0
4432900|Lakeville|2962.0|4|4|3|0|0.01|425285.0
4338780|Lakeville|3961.0|6|4|3|0|0.35|425200.0
4414420|Lakeville|4220.0|5|4|3|18|0.462|425000.0
4435405|Apple Valley|3407.0|4|4|3|25|0.246|424900.0
4429123|Eagan|3627.0|4|4|3|15|0.257|424900.0
4425220|Lakeville|4954.0|5|5|3|8|0.284|424900.0
4436081|Eagan|2675.0|3|3|2|0|0.01|424800.0
4431910|Lakeville|3651.0|4|4|3|0|0.4|424310.0
4434535|Eagan|2988.0|6|4|3|11|0.7|424000.0
4428255|Lakeville|4003.0|4|4|3|21|0.314|419900.0
4409732|Apple Valley|3363.0|4|4|2|6|0.221|419900.0
4385785|Apple Valley|2911.0|3|3|2|12|0.12|419900.0
4419215|Lakeville|2944.0|4|4|3|0|0.372|419695.0
4407164|Rosemount|3400.0|5|4|3|0|0.54|415900.0
4398457|Eagan|3232.0|4|4|3|3|0.32|415000.0
4429644|Apple Valley|4395.0|5|4|4|14|0.301|414900.0
4421479|Lakeville|3215.0|4|4|3|-1|0.43|413350.0
4426883|Rosemount|3400.0|5|4|3|0|0.27|409955.0
4426140|Lakeville|2943.0|4|4|3|0|0.3|409900.0
4423374|Rosemount|4235.0|5|4|3|23|0.45|409900.0
4426877|Lakeville|3012.0|4|4|3|0|0.18|409900.0
4436693|Lakeville|2487.0|4|3|3|-1|0.37|409125.0
4434002|Lakeville|2487.0|4|3|3|0|0.28|405585.0
4422477|Lakeville|3645.0|6|4|3|0|0.26|400250.0
4320827|Eagan|2051.0|4|3|2|59|2.09|400000.0
4431882|Apple Valley|2459.0|4|3|4|0|0.2|400000.0
4432934|Eagan|2756.0|3|3|2|0|0.17|399990.0
4411818|Apple Valley|3710.0|5|4|2|24|0.595|399900.0
4426735|Lakeville|2362.0|4|2|2|66|0.61|399900.0
4433605|Eagan|3515.0|3|4|2|22|0.43|399900.0
4355468|Rosemount|4100.0|5|4|3|7|0.37|399900.0
4436504|Lakeville|4512.0|4|4|3|34|0.4|399900.0
4418402|Lakeville|2943.0|4|4|3|0|0.3|399900.0
4407980|Lakeville|2779.0|4|3|3|0|0.263|399900.0
4387423|Apple Valley|3016.0|4|4|3|29|0.43|399900.0
4430779|Lakeville|2735.0|4|3|3|-1|0.27|399000.0
4401199|Eagan|2906.0|5|3|3|9|0.28|399000.0
4390889|Lakeville|2873.0|3|3|3|10|0.31|399000.0
4428999|Apple Valley|3800.0|4|4|2|32|0.403|397000.0
4435604|Apple Valley|2908.0|4|3|3|-1|0.01|395900.0
4430713|Rosemount|3200.0|4|3|3|9|0.24|394900.0
4435621|Rosemount|3154.0|5|4|3|0|0.26|394500.0
4392489|Lakeville|3808.0|4|4|3|10|0.74|393000.0
4435596|Lakeville|2752.0|3|3|2|0|0.1|392290.0
4425288|Lakeville|2612.0|4|3|3|-1|0.318|390050.0
4428170|Lakeville|2773.0|4|3|3|0|0.01|389900.0
4400179|Apple Valley|3408.0|4|3|3|13|0.31|389900.0
4416582|Lakeville|3882.0|5|4|3|18|0.26|389900.0
4418355|Lakeville|2450.0|4|3|3|0|0.27|389900.0
4426727|Lakeville|2945.0|3|3|2|11|0.265|389000.0
4431300|Lakeville|2752.0|3|3|2|0|0.1|388155.0
4426862|Rosemount|3039.0|4|3|3|0|0.22|388065.0
4425277|Lakeville|2881.0|4|3|3|-1|0.266|386200.0
4433900|Farmington|2646.0|4|3|3|0|0.23|385000.0
4373996|Rosemount|3360.0|5|4|3|2|0.4|384900.0
4425176|Lakeville|2724.0|4|3|3|-1|0.27|384900.0
4416275|Eagan|2893.0|5|3|3|0|0.5|384900.0
4430386|Rosemount|3840.0|5|4|3|19|0.474|383000.0
4429859|Rosemount|2944.0|4|4|3|0|0.22|382900.0
4433658|Eagan|1700.0|1|2|3|0|0.01|382675.0
4385114|Rosemount|3277.0|4|3|3|9|0.27|380000.0
4365487|Lakeville|3786.0|5|4|3|10|0.34|380000.0
4410223|Burnsville|3536.0|4|4|3|31|0.449|379900.0
4426716|Apple Valley|2668.0|2|3|2|12|0.16|379900.0
4409629|Eagan|3202.0|4|4|3|23|0.52|379000.0
4424061|Lakeville|2652.0|3|3|3|-1|0.32|377850.0
4433885|Farmington|2657.0|4|3|3|0|0.23|375000.0
4420070|Lakeville|3921.0|4|4|3|20|0.36|375000.0
4428613|Apple Valley|2854.0|4|3|3|0|0.18|375000.0
4417316|Burnsville|4064.0|4|4|3|24|0.54|374900.0
4435589|Lakeville|3637.0|4|4|3|10|0.34|374900.0
4435764|Eagan|3300.0|3|4|3|15|0.28|374900.0
4407738|Rosemount|3443.0|5|4|3|7|0.29|374900.0
4435660|Apple Valley|2673.0|4|3|3|-1|0.01|371900.0
4418708|Farmington|3761.0|5|4|3|0|0.232|371800.0
4424908|Rosemount|2680.0|4|3|3|0|0.27|369990.0
4428167|Lakeville|2773.0|4|3|3|0|0.3|369900.0
4426517|Eagan|3244.0|4|3|2|41|0.57|369900.0
4423455|Lakeville|2467.0|4|3|3|0|0.254|369900.0
4408850|Lakeville|2500.0|4|3|3|0|0.294|369900.0
4316254|Farmington|2618.0|4|3|3|1|0.23|369900.0
4431594|Apple Valley|3734.0|5|4|3|22|0.26|369500.0
4436041|Apple Valley|2026.0|3|2|3|-1|0.01|366900.0
4430317|Lakeville|3634.0|4|4|3|14|0.4|365900.0
4420168|Burnsville|4138.0|5|4|3|22|0.358|365000.0
4375822|Eagan|3398.0|4|4|3|12|0.24|364900.0
4436488|Apple Valley|3132.0|5|3|3|35|0.45|364900.0
4423229|Lakeville|2276.0|4|3|3|10|0.34|364900.0
4391144|Lakeville|2400.0|4|3|3|0|0.26|362900.0
4429148|Rosemount|2487.0|4|3|3|0|0.27|359990.0
4428149|Lakeville|2467.0|4|3|3|0|0.28|359900.0
4429797|Burnsville|3128.0|3|3|4|16|0.488|359900.0
4416874|Lakeville|3630.0|3|3|2|9|0.22|359900.0
4436192|Lakeville|3000.0|5|4|3|14|0.399|359900.0
4381847|Eagan|3030.0|5|4|3|21|0.28|359900.0
4428158|Lakeville|2467.0|4|3|3|0|0.28|359900.0
4428135|Lakeville|2467.0|4|3|3|0|0.28|359900.0
4387028|Farmington|2485.0|4|3|3|0|0.23|359900.0
4421468|Lakeville|2652.0|3|3|3|0|0.38|359250.0
4428161|Lakeville|2467.0|4|3|3|0|0.28|359000.0
4422458|Lakeville|2944.0|5|4|3|0|0.47|356250.0
4425332|Lakeville|2291.0|4|3|3|-1|0.263|356200.0
4419784|Farmington|2652.0|3|3|3|0|0.232|352800.0
4420941|Lakeville|2911.0|4|4|3|7|2.5|350000.0
4395966|Lakeville|3538.0|3|3|3|28|2.6|350000.0
4398742|Lakeville|2623.0|3|3|2|0|0.1|350000.0
4421063|Eagan|2981.0|4|3|3|22|0.29|350000.0
4400916|Lakeville|3878.0|4|4|3|25|0.3|350000.0
4431887|Apple Valley|2459.0|4|3|3|0|0.2|350000.0
4417819|Lakeville|3080.0|4|4|4|15|0.473|349900.0
4407763|Apple Valley|2758.0|4|4|2|10|0.19|349900.0
4428172|Lakeville|2467.0|4|3|3|0|0.3|349900.0
4413458|Farmington|2403.0|4|3|3|0|0.23|349900.0
4436890|Burnsville|3544.0|4|3|2|45|0.33|349900.0
4436540|Eagan|3000.0|4|3|3|20|0.326|349900.0
4432710|Farmington|3744.0|5|4|3|6|0.283|349900.0
4424581|Apple Valley|3192.0|4|4|3|18|0.389|349500.0
4422454|Lakeville|2852.0|4|4|3|0|0.01|349250.0
4434888|Burnsville|3280.0|3|3|2|13|0.15|348900.0
4417560|Farmington|2663.0|4|4|3|0|0.311|344900.0
4328414|Apple Valley|2922.0|3|4|3|26|0.31|344777.0
4421475|Lakeville|2852.0|4|4|3|0|0.315|344250.0
4435644|Apple Valley|2189.0|4|3|3|-1|0.01|342900.0
4435652|Apple Valley|2832.0|4|4|3|-1|0.01|342500.0
4430251|Rosemount|2230.0|4|3|3|0|0.21|339990.0
4437015|Lakeville|2147.0|4|2|2|41|0.35|339900.0
4434154|Lakeville|2467.0|4|3|3|1|0.21|339900.0
4435439|Burnsville|2872.0|4|3|2|20|0.462|339900.0
4406332|Rosemount|3261.0|4|4|3|8|0.01|339500.0
4429199|Lakeville|2185.0|4|3|3|0|0.23|337990.0
4404261|Farmington|2537.0|4|3|3|0|0.01|335000.0
4430614|Burnsville|3388.0|4|4|2|27|0.419|335000.0
4425785|Farmington|3284.0|4|4|3|8|0.306|335000.0
4332710|Lakeville|2193.0|4|3|3|1|0.28|334900.0
4426491|Apple Valley|1420.0|3|2|2|0|0.12|334900.0
4424993|Eagan|3070.0|5|4|2|13|0.28|334900.0
4418659|Farmington|2852.0|4|4|3|0|0.242|333800.0
4425068|Lakeville|2154.0|4|3|3|-1|0.01|333000.0
4434133|Apple Valley|3157.0|3|4|2|14|0.21|332900.0
4435295|Farmington|2920.0|4|3|3|3|0.354|332800.0
4431903|Lakeville|2195.0|4|3|3|0|0.28|331900.0
4423189|Lakeville|3014.0|4|4|3|13|0.45|330000.0
4402544|Farmington|2338.0|4|3|3|0|0.43|329900.0
4331641|Rosemount|2566.0|3|3|3|8|0.27|329900.0
4419911|Farmington|3088.0|5|4|3|0|0.232|328900.0
4374192|Farmington|2460.0|4|3|3|0|0.23|326128.0
4405485|Lakeville|3238.0|4|4|2|29|0.65|325500.0
4434892|Lakeville|2810.0|4|3|2|7|0.01|325000.0
4424114|Apple Valley|2798.0|3|3|2|14|0.073|325000.0
4435611|Apple Valley|3594.0|4|4|2|14|0.191|325000.0
4395864|Apple Valley|2417.0|4|3|2|0|0.13|325000.0
4424349|Lakeville|2570.0|4|3|3|17|0.604|324900.0
4421382|Farmington|2620.0|4|3|3|7|0.293|324900.0
4422360|Rosemount|3053.0|4|4|3|8|0.257|324900.0
4425079|Lakeville|2226.0|4|3|3|-1|0.26|324900.0
4417349|Farmington|2832.0|4|3|3|0|0.27|324900.0
4436750|Eagan|3276.0|4|3|2|24|0.28|324900.0
4419734|Farmington|2239.0|4|3|3|0|0.232|322900.0
4341112|Eagan|1749.0|2|2|2|0|0.45|322195.0
4422444|Lakeville|2748.0|5|3|3|0|0.01|320250.0
4422142|Rosemount|2222.0|3|3|2|7|0.01|319900.0
4401299|Lakeville|3122.0|4|4|3|20|0.3|319900.0
4435626|Rosemount|2800.0|4|3|3|11|0.24|319000.0
4395465|Lakeville|3700.0|5|4|3|19|0.29|318900.0
4435461|Farmington|2265.0|4|3|3|0|0.29|318900.0
4428525|Lakeville|2697.0|4|3|2|35|0.73|315000.0
4434756|Lakeville|2145.0|4|3|3|-1|0.28|315000.0
4401993|Eagan|2681.0|4|3|2|68|0.29|314900.0
4431638|Apple Valley|2550.0|4|3|2|24|0.01|314900.0
4338096|Lakeville|2695.0|4|3|3|10|0.3|314900.0
4408440|Apple Valley|2574.0|5|4|2|22|0.399|314900.0
4430467|Farmington|3272.0|5|4|3|13|0.27|314900.0
4429740|Lakeville|2574.0|4|4|3|6|0.35|314900.0
4425793|Lakeville|2347.0|3|3|3|8|0.361|314000.0
4429189|Rosemount|1826.0|4|3|3|0|0.2|312990.0
4427932|Lakeville|3220.0|3|3|3|30|0.4|310000.0
4436834|Lakeville|3082.0|4|2|3|17|0.351|309900.0
4419458|Farmington|2748.0|5|3|3|0|0.232|309800.0
4415559|Apple Valley|4257.0|5|4|3|26|0.71|309000.0
4369307|Farmington|2065.0|4|3|3|0|0.26|308900.0
4429169|Rosemount|2326.0|4|3|3|0|0.27|305990.0
4422815|Farmington|2005.0|3|3|3|0|0.17|300306.0
4355763|Lakeville|2466.0|4|3|3|14|0.34|299990.0
4435318|Burnsville|3012.0|5|3|3|20|0.38|299900.0
4424145|Eagan|2527.0|3|4|3|11|0.086|299900.0
4430877|Lakeville|2704.0|5|3|3|17|0.524|299900.0
4428125|Eagan|2164.0|3|3|2|13|0.07|299900.0
4427321|Eagan|2677.0|4|4|2|17|0.071|299900.0
4432808|Eagan|3006.0|4|3|2|29|0.334|299900.0
4407895|Rosemount|2849.0|4|3|3|10|0.261|299900.0
4436176|Lakeville|2240.0|4|3|3|14|0.5|299900.0
4414792|Lakeville|3218.0|5|4|3|14|0.447|299900.0
4436962|Apple Valley|3120.0|5|4|2|37|0.55|299900.0
4428297|Farmington|1433.0|2|2|3|0|0.23|299900.0
4393198|Farmington|2129.0|4|3|3|0|0.23|299800.0
4432659|Eagan|3129.0|4|4|2|13|0.407|297500.0
4369509|Eagan|2614.0|3|3|2|22|0.35|295999.0
4391505|Lakeville|2050.0|4|3|3|1|0.19|295000.0
4426142|Eagan|2864.0|3|2|2|57|1.16|295000.0
4428818|Apple Valley|2869.0|3|3|2|16|0.36|294900.0
4377379|Eagan|2622.0|3|3|2|36|1.13|294900.0
4427275|Lakeville|2922.0|5|3|2|21|0.23|292000.0
4425624|Burnsville|2739.0|4|4|2|42|0.27|290000.0
4423818|Burnsville|2708.0|3|4|2|36|0.27|289900.0
4427584|Lakeville|2220.0|4|2|2|45|2.6|289900.0
4415596|Eagan|2280.0|3|3|2|32|0.35|289900.0
4415160|Burnsville|3005.0|5|3|4|36|0.472|289900.0
4385449|Burnsville|1433.0|2|2|3|0|0.26|289900.0
4428171|Lakeville|1932.0|4|3|3|0|0.01|289900.0
4401749|Burnsville|3200.0|3|3|2|42|0.36|289500.0
4427394|Eagan|2736.0|4|4|2|23|0.3|288900.0
4428107|Burnsville|3090.0|5|4|3|18|0.28|287900.0
4316006|Apple Valley|3127.0|3|4|2|26|0.28|285000.0
4394672|Lakeville|3378.0|3|4|2|24|0.04|285000.0
4427280|Rosemount|2478.0|5|3|3|15|0.259|285000.0
4427820|Farmington|2168.0|5|3|3|-1|0.268|284900.0
4436335|Apple Valley|2181.0|4|2|2|35|0.27|284900.0
4436159|Rosemount|3318.0|4|4|2|8|0.01|284900.0
4413483|Farmington|2080.0|3|3|3|7|0.249|284900.0
4431512|Burnsville|3340.0|4|3|2|36|0.8|284900.0
4421291|Farmington|2291.0|4|3|3|0|0.17|282200.0
4418948|Burnsville|2522.0|5|3|2|42|0.276|280000.0
4371238|Lakeville|2904.0|5|3|3|27|0.01|280000.0
4429934|Farmington|2580.0|4|3|3|12|0.57|279900.0
4428831|Apple Valley|3006.0|4|3|2|33|0.412|279900.0
4420977|Burnsville|2496.0|4|3|2|35|0.34|279900.0
4422115|Eagan|2003.0|4|2|2|23|0.31|279900.0
4389263|Apple Valley|2228.0|4|3|2|8|0.01|279900.0
4408273|Lakeville|2782.0|3|3|2|8|0.317|279900.0
4436425|Lakeville|1584.0|3|2|3|-1|0.32|279620.0
4417454|Farmington|2668.0|4|3|3|14|0.31|279000.0
4409675|Rosemount|2579.0|3|3|3|12|0.48|279000.0
4388537|Rosemount|1594.0|2|2|2|0|0.07|279000.0
4414230|Eagan|2936.0|3|3|2|41|0.642|278850.0
4436418|Lakeville|1332.0|3|2|3|-1|0.24|278380.0
4421060|Lakeville|2414.0|3|3|2|2|0.06|275000.0
4430515|Apple Valley|2520.0|4|3|2|41|0.284|275000.0
4428084|Farmington|2500.0|4|3|3|10|0.282|275000.0
4428762|Farmington|2064.0|4|3|3|-1|0.232|275000.0
4360885|Lakeville|2310.0|4|2|2|28|2.45|275000.0
4419856|Eagan|2134.0|3|2|2|21|0.27|274900.0
4398536|Farmington|2402.0|5|3|3|11|0.01|274900.0
4430096|Burnsville|2266.0|3|3|2|19|0.28|274900.0
4425893|Farmington|2715.0|4|3|3|12|0.345|274900.0
4389645|Eagan|2521.0|4|3|2|32|0.35|274500.0
4415861|Burnsville|2283.0|5|3|2|44|0.42|272000.0
4433977|Eagan|1911.0|3|3|2|-1|0.05|270590.0
4426440|Burnsville|2500.0|4|3|2|11|0.6|269900.0
4434714|Lakeville|1971.0|2|2|3|34|3.0|269900.0
4424367|Farmington|2998.0|5|4|2|23|0.486|269900.0
4409491|Burnsville|3180.0|5|3|2|49|0.37|269900.0
4427916|Lakeville|2217.0|4|3|2|22|0.272|269900.0
4366367|Lakeville|2801.0|4|4|3|7|0.06|269900.0
4424656|Rosemount|1896.0|3|3|2|7|0.077|269900.0
4403693|Eagan|2600.0|4|3|3|29|0.35|269900.0
4405117|Apple Valley|3818.0|4|2|2|20|0.35|269900.0
4430869|Lakeville|2647.0|4|3|3|27|0.01|269900.0
4410227|Eagan|2300.0|5|3|2|24|0.28|269000.0
4437019|Apple Valley|2501.0|3|3|2|18|0.092|268000.0
4424979|Burnsville|2414.0|4|3|2|30|0.273|266900.0
4429465|Eagan|2442.0|5|3|2|25|0.28|265000.0
4423318|Apple Valley|2560.0|5|2|2|44|0.528|264988.0
4386471|Rosemount|2872.0|4|2|2|21|0.41|264900.0
4410452|Burnsville|2536.0|3|2|3|36|0.4|264900.0
4432066|Burnsville|2326.0|4|3|2|22|0.3|264777.0
4385456|Farmington|2509.0|5|3|3|0|0.14|263400.0
4416535|Burnsville|2507.0|3|3|2|23|0.07|262900.0
4434919|Lakeville|2569.0|3|4|2|17|0.254|262900.0
4434244|Apple Valley|2012.0|3|3|2|25|0.281|262900.0
4412961|Eagan|2922.0|4|3|2|34|0.3|260000.0
4432747|Burnsville|2792.0|4|2|4|34|0.296|259900.0
4415840|Burnsville|2220.0|4|3|3|48|0.28|259900.0
4429502|Lakeville|2532.0|4|3|2|25|0.42|259900.0
4428097|Burnsville|1871.0|2|3|2|10|0.053|259900.0
4408563|Burnsville|2493.0|6|3|2|40|0.313|259900.0
4433796|Apple Valley|1904.0|3|3|3|26|0.351|259900.0
4422563|Apple Valley|2571.0|4|2|2|35|0.516|259900.0
4428645|Burnsville|2762.0|4|3|2|39|0.255|259900.0
4435942|Lakeville|1951.0|4|3|2|27|0.262|259000.0
4429228|Eagan|1860.0|3|3|2|25|0.136|255000.0
4424320|Farmington|1324.0|3|1|3|11|0.247|254900.0
4389266|Burnsville|1907.0|3|4|2|0|0.01|254900.0
4417329|Burnsville|2646.0|3|3|2|49|0.3|254900.0
4428527|Burnsville|3032.0|4|3|2|46|0.341|254750.0
4435808|Eagan|1911.0|3|3|2|0|0.05|254475.0
4429814|Farmington|2429.0|4|2|3|15|0.232|252900.0
4424371|Eagan|2098.0|3|2|2|28|0.258|250000.0
4433842|Lakeville|2137.0|4|3|2|25|0.26|250000.0
4379434|Eagan|2352.0|5|3|3|18|0.48|250000.0
4425646|Lakeville|1957.0|4|2|2|25|0.29|250000.0
4424884|Apple Valley|1944.0|4|2|3|24|0.252|250000.0
4404045|Farmington|1926.0|3|3|2|0|0.31|249900.0
4414004|Rosemount|2824.0|5|3|3|10|0.253|249900.0
4420617|Eagan|1932.0|4|2|3|24|0.433|249900.0
4387146|Apple Valley|2240.0|2|4|2|8|0.01|249900.0
4421139|Apple Valley|2209.0|4|2|2|21|0.201|249900.0
4428050|Eagan|1720.0|4|2|2|36|0.31|249900.0
4407818|Apple Valley|2970.0|3|3|4|31|0.69|249900.0
4410202|Farmington|2416.0|4|2|3|17|0.31|249900.0
4424038|Farmington|2058.0|4|2|3|11|0.21|249900.0
4415730|Burnsville|2419.0|4|3|2|52|0.572|249900.0
4432734|Burnsville|2592.0|4|3|2|40|0.279|249900.0
4433641|Burnsville|2984.0|4|3|2|47|0.26|249900.0
4418340|Eagan|2300.0|4|2|2|26|0.246|249900.0
4407113|Burnsville|2708.0|3|3|3|39|0.33|249900.0
4403311|Burnsville|2130.0|4|3|2|18|0.34|249900.0
4412250|Burnsville|2024.0|3|3|2|27|0.04|249000.0
4419748|Lakeville|2336.0|3|2|2|36|0.428|248900.0
4391172|Apple Valley|1300.0|2|2|2|0|0.01|248900.0
4428743|Farmington|1395.0|3|2|3|-1|0.257|247000.0
4436796|Lakeville|1771.0|3|2|2|26|0.342|244900.0
4425479|Burnsville|2622.0|3|3|2|44|0.366|244900.0
4344330|Burnsville|1907.0|3|4|2|0|0.04|244900.0
4435175|Eagan|2000.0|4|2|2|27|0.4|244900.0
4423538|Burnsville|2642.0|4|3|2|35|0.297|244900.0
4414941|Burnsville|2800.0|4|3|2|41|0.255|244900.0
4432993|Lakeville|2036.0|3|3|2|21|0.21|244500.0
4425195|Lakeville|2200.0|5|2|2|29|0.35|244000.0
4422173|Farmington|1408.0|3|2|3|0|0.19|243500.0
4417798|Farmington|1424.0|3|2|2|0|0.17|242397.0
4427500|Eagan|3352.0|5|4|2|47|0.62|240000.0
4405429|Lakeville|2090.0|4|2|3|17|0.34|240000.0
4401354|Apple Valley|2412.0|4|3|2|44|0.36|239900.0
4315124|Rosemount|2230.0|5|2|2|31|0.35|239900.0
4435299|Lakeville|2088.0|4|2|2|20|0.23|239900.0
4432416|Apple Valley|2490.0|4|4|2|10|0.06|239900.0
4402802|Farmington|2120.0|4|3|3|9|0.23|239900.0
4415037|Eagan|2110.0|4|3|2|26|0.31|239900.0
4425211|Lakeville|2239.0|4|2|2|38|0.313|239900.0
4430181|Lakeville|2395.0|4|4|2|5|0.069|239900.0
4430866|Lakeville|2076.0|3|2|3|9|0.32|239900.0
4435513|Lakeville|2458.0|4|3|2|26|0.01|239900.0
4424113|Burnsville|2240.0|4|2|2|33|0.5|239900.0
4429570|Apple Valley|1980.0|3|2|2|35|0.3|239900.0
4434640|Farmington|2225.0|4|2|2|35|2.0|239000.0
4430319|Burnsville|2535.0|4|3|2|17|0.08|239000.0
4426309|Burnsville|1929.0|4|2|2|48|0.27|238900.0
4419820|Burnsville|1764.0|4|2|4|54|0.998|238000.0
4429603|Apple Valley|2107.0|5|2|2|27|0.22|235900.0
4409909|Lakeville|1314.0|1|2|2|10|0.2|235900.0
4433309|Burnsville|1672.0|3|2|3|34|0.45|235000.0
4419187|Apple Valley|1812.0|4|2|2|23|0.2|234900.0
4434213|Lakeville|2021.0|4|3|2|20|0.32|234900.0
4435118|Eagan|1402.0|3|2|2|27|0.201|234900.0
4418284|Farmington|1385.0|3|2|3|0|0.233|234900.0
4394312|Farmington|2506.0|4|4|3|19|0.32|234900.0
4428355|Burnsville|2890.0|3|4|2|24|0.052|234900.0
4421024|Eagan|1896.0|4|2|2|33|0.01|234900.0
4424009|Eagan|2086.0|5|3|2|28|0.263|234900.0
4418159|Apple Valley|2076.0|4|2|2|24|0.254|234900.0
4420365|Eagan|2291.0|4|3|2|28|0.3|230000.0
4396874|Lakeville|3544.0|3|4|2|24|0.04|230000.0
4430739|Burnsville|2407.0|3|3|2|39|0.253|229900.0
4427679|Apple Valley|2035.0|4|2|3|39|0.26|229900.0
4411081|Lakeville|2033.0|4|2|3|17|0.46|229900.0
4436467|Apple Valley|1776.0|4|2|1|50|0.22|229900.0
4405538|Apple Valley|1967.0|4|2|2|36|0.36|229900.0
4435688|Apple Valley|1831.0|3|3|2|28|0.228|229900.0
4432790|Apple Valley|1925.0|3|2|2|26|0.41|229900.0
4408972|Farmington|2416.0|5|2|2|17|0.199|229900.0
4427069|Lakeville|2646.0|2|3|2|17|0.064|229900.0
4412029|Apple Valley|2128.0|3|2|2|44|0.356|229900.0
4414020|Rosemount|3544.0|4|3|3|26|0.284|229000.0
4430481|Burnsville|2078.0|3|3|2|48|0.302|229000.0
4374860|Eagan|2100.0|3|3|2|11|0.07|229000.0
4426656|Apple Valley|2280.0|5|3|2|36|0.29|228900.0
4386429|Farmington|2575.0|5|3|2|29|0.28|227900.0
4427540|Burnsville|2428.0|4|3|2|48|0.385|225000.0
4424354|Apple Valley|2370.0|3|4|2|10|0.044|225000.0
4356813|Apple Valley|1664.0|4|2|1|49|0.24|225000.0
4414978|Burnsville|2532.0|3|2|2|49|0.26|225000.0
4433556|Rosemount|2124.0|4|2|2|22|0.312|225000.0
4421637|Burnsville|2728.0|3|2|2|50|0.297|225000.0
4434833|Burnsville|1700.0|3|2|2|25|0.05|225000.0
4416532|Lakeville|1881.0|3|2|4|28|0.289|224953.0
4433572|Rosemount|1600.0|3|2|2|29|0.235|224900.0
4426839|Lakeville|1602.0|3|3|2|23|0.269|224900.0
4404022|Farmington|1452.0|3|2|2|0|0.23|224900.0
4404651|Eagan|2010.0|3|3|2|24|0.05|224900.0
4404377|Lakeville|2513.0|4|3|1|56|0.21|224900.0
4390670|Burnsville|1968.0|4|2|2|26|0.24|224900.0
4421800|Burnsville|1980.0|4|2|2|43|0.289|224900.0
4426798|Lakeville|1688.0|3|2|2|27|0.336|224900.0
4432962|Burnsville|2028.0|4|2|2|31|0.344|224500.0
4437143|Apple Valley|1775.0|3|2|2|19|0.173|220000.0
4429362|Lakeville|1852.0|3|2|2|30|0.01|220000.0
4436059|Apple Valley|1602.0|4|2|2|43|0.339|219900.0
4434358|Eagan|1900.0|3|2|2|39|0.278|219900.0
4372133|Burnsville|2426.0|5|3|3|19|0.23|219900.0
4418434|Farmington|1652.0|3|2|2|25|0.01|219900.0
4421410|Rosemount|1200.0|2|2|2|3|0.092|219900.0
4427285|Farmington|1997.0|3|2|3|35|0.33|219900.0
4406719|Lakeville|1806.0|3|2|2|27|0.01|219900.0
4416111|Burnsville|2320.0|4|2|2|50|0.31|219900.0
4425940|Lakeville|2495.0|3|3|2|45|0.304|219900.0
4421034|Burnsville|1920.0|3|2|2|39|0.408|219900.0
4405984|Farmington|2467.0|4|2|3|6|0.23|219900.0
4434256|Apple Valley|1604.0|4|2|2|39|0.453|219900.0
4435364|Burnsville|1952.0|4|2|2|26|0.232|219900.0
4433405|Apple Valley|1690.0|4|2|2|40|0.666|219500.0
4434081|Burnsville|1820.0|3|2|2|25|0.258|219500.0
4427610|Burnsville|2012.0|4|2|2|27|0.31|219500.0
4400896|Lakeville|1885.0|5|2|2|42|0.37|218000.0
4424012|Apple Valley|2240.0|3|4|2|10|0.044|217500.0
4435674|Eagan|1584.0|4|2|2|50|0.21|215000.0
4399061|Eagan|2086.0|3|2|2|31|0.51|215000.0
4427116|Burnsville|2422.0|2|3|2|15|0.01|214900.0
4409037|Burnsville|1881.0|4|2|2|26|0.23|214900.0
4437153|Burnsville|1948.0|4|2|2|43|0.31|214900.0
4419898|Apple Valley|2877.0|4|2|2|42|0.314|214900.0
4433933|Apple Valley|1840.0|4|2|2|25|0.285|214900.0
4398560|Farmington|2007.0|4|2|2|40|0.28|214900.0
4424042|Lakeville|1920.0|4|2|2|26|0.238|214900.0
4435655|Lakeville|1737.0|4|2|2|29|0.26|214900.0
4423799|Rosemount|1644.0|2|2|2|15|0.215|214900.0
4427056|Burnsville|2106.0|4|2|2|41|0.261|214500.0
4385126|Apple Valley|1980.0|4|2|2|50|0.26|214000.0
4404019|Lakeville|1974.0|4|2|2|26|2.81|214000.0
4398502|Burnsville|2034.0|3|2|2|50|0.3|213000.0
4406488|Lakeville|1720.0|2|3|2|12|0.07|212500.0
4395734|Farmington|1868.0|4|2|2|13|0.15|212400.0
4429886|Lakeville|1850.0|4|2|2|27|0.3|212000.0
4368369|Burnsville|2555.0|4|3|2|42|0.29|212000.0
4426606|Rosemount|1396.0|3|2|2|24|0.233|210500.0
4402223|Burnsville|2420.0|2|3|2|21|0.06|209900.0
4432907|Rosemount|1765.0|3|2|2|8|0.01|209900.0
4435398|Farmington|2550.0|3|2|2|10|0.22|209900.0
4425081|Apple Valley|2368.0|3|4|2|10|0.044|209900.0
4408390|Eagan|2080.0|3|2|2|37|0.31|209900.0
4423227|Apple Valley|1878.0|3|2|2|26|0.238|209900.0
4414506|Eagan|2080.0|4|2|2|29|0.241|209900.0
4432830|Apple Valley|1840.0|3|2|2|36|0.26|209500.0
4424068|Rosemount|2195.0|5|2|2|27|0.298|209500.0
4430976|Burnsville|2016.0|4|3|2|46|0.01|209000.0
4420851|Apple Valley|2648.0|4|3|2|16|0.07|209000.0
4429535|Lakeville|1714.0|4|2|4|31|0.01|206000.0
4435514|Burnsville|1848.0|4|2|2|40|0.42|205900.0
4416231|Apple Valley|1740.0|2|3|2|21|0.15|205000.0
4431870|Lakeville|1550.0|2|3|2|12|0.862|205000.0
4411734|Burnsville|1734.0|4|3|2|25|0.27|204900.0
4431145|Rosemount|1850.0|3|2|2|24|0.28|204900.0
4413647|Burnsville|2602.0|4|3|2|19|1.44|204900.0
4430278|Eagan|2060.0|3|2|2|48|0.21|204777.0
4434323|Eagan|1662.0|3|2|2|46|0.35|204000.0
4403073|Apple Valley|2072.0|4|2|2|40|0.64|200000.0
4384477|Farmington|1982.0|4|2|3|14|0.23|200000.0
4431018|Apple Valley|1846.0|4|2|1|50|0.231|200000.0
4431335|Burnsville|2043.0|5|2|1|49|0.261|199900.0
4410914|Lakeville|1500.0|1|2|2|9|0.062|199900.0
4435243|Eagan|1650.0|3|2|1|48|0.275|199900.0
4426234|Apple Valley|2400.0|4|3|2|48|0.26|199900.0
4378460|Eagan|1955.0|4|2|2|24|0.31|199900.0
4420893|Apple Valley|1750.0|4|2|2|47|0.22|199900.0
4432591|Burnsville|2060.0|3|2|2|46|0.026|199900.0
4430024|Rosemount|1850.0|3|2|2|3|0.044|199900.0
4342194|Farmington|1640.0|3|2|1|28|0.14|199900.0
4418311|Eagan|1465.0|4|2|2|40|0.325|199900.0
4402981|Farmington|1605.0|3|2|2|16|0.16|199800.0
4430006|Lakeville|1724.0|3|2|2|22|0.31|199000.0
4419525|Rosemount|1800.0|4|2|2|27|0.35|199000.0
4400385|Burnsville|1880.0|4|3|2|49|0.33|199000.0
4400827|Eagan|1328.0|3|3|2|28|0.3|199000.0
4421413|Burnsville|2466.0|4|2|2|48|0.309|198000.0
4416576|Rosemount|1884.0|3|2|2|25|0.24|198000.0
4385906|Lakeville|1576.0|2|2|2|13|0.07|197500.0
4424350|Lakeville|1410.0|3|2|0|47|0.488|195900.0
4414757|Apple Valley|1496.0|3|2|2|32|0.31|194777.0
4433872|Lakeville|1576.0|2|2|2|13|0.074|190000.0
4415520|Farmington|1809.0|4|2|2|14|0.165|190000.0
4413726|Burnsville|2276.0|3|3|2|45|0.01|190000.0
4435781|Burnsville|2028.0|3|2|1|52|0.343|189900.0
4435099|Rosemount|1456.0|2|2|2|8|0.01|189900.0
4393678|Farmington|1972.0|4|4|3|11|0.01|189900.0
4428715|Lakeville|2196.0|4|2|2|44|0.24|189900.0
4420945|Eagan|1840.0|3|1|2|55|0.01|189900.0
4419446|Lakeville|1728.0|3|2|2|41|0.435|189900.0
4413740|Apple Valley|2228.0|3|3|2|9|0.01|189900.0
4435463|Burnsville|2200.0|3|3|2|45|0.031|189900.0
4427533|Farmington|1493.0|4|2|3|28|0.21|189900.0
4416650|Farmington|1520.0|4|2|2|45|0.214|189900.0
4380684|Burnsville|1836.0|4|2|2|26|0.34|189500.0
4426881|Apple Valley|2015.0|5|2|2|49|0.248|189500.0
4396407|Burnsville|1972.0|4|2|2|34|0.27|189000.0
4422248|Farmington|2365.0|4|3|2|20|0.38|189000.0
4433487|Eagan|1700.0|3|2|2|30|0.21|189000.0
4432740|Apple Valley|1822.0|4|2|2|26|0.2|189000.0
4411704|Burnsville|2056.0|5|2|2|47|0.302|186000.0
4324136|Lakeville|2190.0|4|2|2|41|0.27|185000.0
4386032|Eagan|1730.0|2|2|2|24|0.05|185000.0
4401719|Lakeville|2579.0|3|2|2|40|0.31|185000.0
4402959|Lakeville|1580.0|2|2|2|7|0.01|184900.0
4434419|Apple Valley|2057.0|5|2|2|44|0.269|184900.0
4428215|Rosemount|1898.0|3|3|2|13|0.04|184900.0
4427201|Apple Valley|992.0|3|1|2|49|0.29|184900.0
4426565|Farmington|1850.0|3|2|1|113|0.248|184900.0
4385831|Apple Valley|2448.0|3|2|2|25|0.13|184777.0
4420486|Apple Valley|1746.0|4|2|2|46|0.27|184500.0
4366775|Eagan|1406.0|2|2|2|38|0.27|183995.0
4434559|Burnsville|2522.0|4|2|2|54|0.31|183200.0
4425357|Burnsville|1721.0|3|2|2|45|0.276|182000.0
4432868|Burnsville|2660.0|5|2|2|50|0.475|180700.0
4430540|Apple Valley|1731.0|3|2|2|47|0.321|180000.0
4436951|Farmington|1758.0|4|2|2|63|0.322|179990.0
4434986|Eagan|1720.0|3|2|1|49|0.21|179977.0
4431227|Lakeville|908.0|2|1|2|63|0.044|179900.0
4358458|Rosemount|1418.0|3|2|2|29|0.24|179900.0
4434961|Burnsville|1800.0|3|2|1|59|0.26|179900.0
4423492|Burnsville|1920.0|3|3|2|45|0.024|179900.0
4434375|Rosemount|1642.0|3|2|3|13|0.26|179900.0
4392907|Farmington|1777.0|3|2|2|23|0.27|179900.0
4403455|Lakeville|1636.0|2|2|2|9|0.01|177900.0
4434517|Eagan|1504.0|3|1|2|53|0.288|177500.0
4429403|Burnsville|2084.0|3|3|2|41|0.03|177500.0
4434347|Apple Valley|1671.0|3|2|2|12|0.01|176000.0
4377768|Apple Valley|1332.0|3|1|2|46|0.27|175900.0
4435407|Farmington|1519.0|2|2|2|10|0.045|175000.0
4406781|Lakeville|1755.0|3|2|2|35|0.29|175000.0
4428901|Rosemount|1528.0|3|1|2|25|0.232|175000.0
4435033|Eagan|2000.0|4|2|2|27|0.17|175000.0
4410910|Eagan|2000.0|3|2|1|17|0.01|175000.0
4423293|Apple Valley|1956.0|4|3|2|11|0.033|175000.0
4408605|Farmington|1838.0|3|2|2|20|0.143|175000.0
4429203|Apple Valley|1653.0|4|2|2|44|0.331|175000.0
4429170|Rosemount|1726.0|3|3|2|7|0.01|174900.0
4426725|Lakeville|2000.0|4|2|2|37|0.01|174900.0
4412541|Farmington|1646.0|2|3|2|15|0.163|174900.0
4414217|Lakeville|1857.0|4|2|2|26|0.307|173900.0
4430850|Apple Valley|1612.0|2|2|2|11|0.01|173900.0
4434157|Farmington|1956.0|3|2|2|16|0.27|171000.0
4336839|Lakeville|1958.0|4|2|2|25|0.18|170000.0
4436452|Burnsville|1714.0|3|2|2|34|0.13|169990.0
4432608|Burnsville|1757.0|3|1|2|47|0.257|169900.0
4421273|Burnsville|1224.0|2|2|1|6|0.01|169900.0
4422744|Lakeville|1699.0|2|1|2|45|0.37|169900.0
4434260|Apple Valley|1600.0|2|3|2|15|0.01|169900.0
4371805|Rosemount|1606.0|3|2|2|23|0.31|169900.0
4434360|Rosemount|1701.0|3|2|2|19|0.04|169500.0
4435235|Apple Valley|1810.0|3|2|2|36|0.47|168000.0
4428929|Apple Valley|1536.0|3|2|2|11|0.01|164900.0
4432639|Burnsville|2036.0|3|3|2|46|0.03|164900.0
4433832|Rosemount|1273.0|2|2|1|8|0.01|164900.0
4414742|Lakeville|1625.0|2|3|2|10|0.084|164900.0
4415011|Burnsville|1418.0|2|2|2|41|0.034|164900.0
4394972|Farmington|1852.0|2|3|2|11|0.01|164500.0
4424111|Rosemount|1521.0|2|2|2|8|0.01|164000.0
4366751|Burnsville|1269.0|2|2|1|10|0.01|163900.0
4436883|Eagan|1196.0|2|2|2|31|0.21|160000.0
4426478|Burnsville|1821.0|3|2|2|47|0.34|159900.0
4416553|Lakeville|1704.0|3|3|2|11|0.01|159900.0
4418369|Eagan|1376.0|3|2|2|32|0.11|159900.0
4410075|Burnsville|1116.0|2|1|1|17|0.01|159900.0
4429573|Rosemount|1534.0|3|3|2|12|0.031|159900.0
4434783|Apple Valley|1730.0|2|3|2|7|0.01|159900.0
4393652|Apple Valley|1670.0|2|3|2|6|0.01|159900.0
4435190|Burnsville|1600.0|2|3|2|16|0.01|159900.0
4423348|Apple Valley|1142.0|2|2|2|16|0.06|159900.0
4429953|Rosemount|1304.0|2|2|2|30|0.118|159900.0
4411035|Farmington|1816.0|4|2|2|17|0.184|159722.0
4431113|Rosemount|1824.0|2|2|2|12|0.036|159400.0
4433752|Burnsville|2008.0|3|3|2|11|0.058|159000.0
4410948|Apple Valley|1971.0|5|2|2|43|0.293|158000.0
4425922|Eagan|1300.0|2|2|2|19|0.01|157500.0
4412158|Apple Valley|1438.0|4|2|2|47|0.28|156000.0
4433917|Rosemount|1708.0|2|2|2|10|0.01|155000.0
4432013|Farmington|1213.0|2|2|2|12|0.147|155000.0
4415795|Apple Valley|2173.0|3|3|2|29|0.237|155000.0
4420098|Rosemount|1726.0|3|3|2|7|0.42|154900.0
4436892|Lakeville|1648.0|2|2|2|32|0.112|154900.0
4413200|Burnsville|1302.0|3|2|2|35|0.105|154900.0
4412278|Rosemount|1125.0|4|1|2|46|0.302|154900.0
4432381|Lakeville|1404.0|2|3|2|10|0.029|154900.0
4420752|Farmington|1986.0|3|2|2|17|0.138|154500.0
4429791|Rosemount|1375.0|2|3|2|5|0.01|154000.0
4366788|Apple Valley|1499.0|4|2|2|48|0.29|153000.0
4423614|Lakeville|1464.0|4|1|1|51|0.331|151900.0
4356957|Rosemount|1332.0|2|3|2|6|0.01|150000.0
4412717|Eagan|1148.0|2|2|2|57|0.54|149900.0
4344114|Lakeville|1590.0|2|2|2|10|0.01|149900.0
4432354|Lakeville|1640.0|3|2|2|7|0.01|149900.0
4424697|Lakeville|1364.0|2|3|2|9|0.03|149900.0
4326831|Lakeville|1760.0|3|2|2|83|0.01|149900.0
4424687|Eagan|1363.0|2|2|2|17|0.01|149900.0
4431104|Apple Valley|1671.0|3|2|2|12|0.01|149000.0
4416049|Burnsville|2065.0|3|3|2|46|0.01|148500.0
4384142|Burnsville|1685.0|2|2|2|26|0.21|148000.0
4412922|Eagan|1281.0|2|2|1|17|0.01|145000.0
4387245|Apple Valley|1485.0|3|2|3|50|0.01|145000.0
4430088|Lakeville|1518.0|2|2|2|8|0.01|145000.0
4417018|Rosemount|1428.0|3|2|2|9|0.01|144900.0
4435556|Lakeville|1462.0|2|2|2|8|0.01|144900.0
4434518|Burnsville|1622.0|2|2|2|27|0.124|144900.0
4413030|Lakeville|1441.0|3|2|2|13|0.01|144900.0
4420241|Lakeville|2192.0|2|4|2|11|0.05|144900.0
4425084|Farmington|1298.0|2|2|2|13|0.01|144900.0
4196159|Lakeville|1658.0|2|3|2|14|0.01|144900.0
4427074|Apple Valley|1750.0|3|2|2|27|0.01|143300.0
4409040|Apple Valley|1632.0|2|2|2|11|0.038|142500.0
4420483|Farmington|1884.0|3|2|2|113|0.529|140000.0
4414951|Burnsville|1182.0|2|2|1|8|0.01|140000.0
4410722|Eagan|1444.0|3|2|2|40|0.09|140000.0
4430219|Burnsville|1460.0|2|2|2|28|0.082|139900.0
4416031|Apple Valley|1606.0|2|2|2|9|0.01|139900.0
4397882|Burnsville|1378.0|2|2|2|16|0.03|139900.0
4335127|Apple Valley|1820.0|5|2|2|49|0.01|139900.0
4425871|Apple Valley|1283.0|2|2|2|13|0.01|139900.0
4432778|Lakeville|1922.0|3|2|2|28|0.172|139900.0
4429647|Apple Valley|1760.0|2|2|2|26|0.04|139900.0
4423802|Burnsville|1224.0|2|2|2|19|0.01|139900.0
4437036|Apple Valley|1815.0|3|2|2|36|0.026|139900.0
4430183|Eagan|1159.0|2|3|2|26|0.032|139900.0
4404549|Lakeville|1518.0|2|2|2|8|0.01|139900.0
4427198|Eagan|1396.0|2|2|2|31|0.04|139900.0
4434853|Eagan|1730.0|3|2|1|39|0.01|139000.0
4157209|Lakeville|921.0|3|1|2|43|0.35|138500.0
4429968|Apple Valley|1448.0|2|2|2|21|0.026|137900.0
4391420|Lakeville|1409.0|2|2|2|8|0.01|137900.0
4424776|Rosemount|950.0|3|1|1|73|0.249|137500.0
4402899|Rosemount|1301.0|2|2|1|11|0.01|135000.0
4430003|Apple Valley|1423.0|3|2|0|25|0.069|134900.0
4435673|Apple Valley|1237.0|2|2|1|18|0.01|134900.0
4420755|Farmington|1609.0|3|2|2|12|0.01|134900.0
4424714|Burnsville|1302.0|3|2|2|35|0.065|134900.0
4421478|Eagan|1200.0|2|2|1|16|0.01|134900.0
4434475|Farmington|1411.0|3|2|2|13|0.029|134900.0
4397771|Burnsville|1467.0|2|2|2|29|0.01|134900.0
4427112|Eagan|1374.0|2|2|2|41|0.092|134500.0
4429611|Rosemount|1107.0|2|2|1|11|0.01|133900.0
4427264|Burnsville|1496.0|3|2|2|38|0.03|132900.0
4412040|Burnsville|2052.0|3|2|2|46|0.01|130900.0
4318884|Eagan|1365.0|2|2|1|16|0.01|130000.0
4432523|Rosemount|1379.0|2|2|2|8|0.01|130000.0
4362965|Burnsville|805.0|1|1|1|8|0.01|129900.0
4413907|Apple Valley|1346.0|2|2|2|20|0.01|129900.0
4431978|Apple Valley|1128.0|2|1|2|32|0.051|129900.0
4431024|Apple Valley|1462.0|2|2|2|21|0.026|129900.0
4429078|Burnsville|1517.0|2|2|2|37|0.01|129900.0
4428276|Apple Valley|1254.0|2|2|1|20|0.01|129500.0
4436456|Eagan|1052.0|2|2|1|20|0.01|128750.0
4422359|Apple Valley|1500.0|3|2|2|26|0.09|128000.0
4415742|Apple Valley|1408.0|2|2|2|21|0.01|127700.0
4422841|Eagan|1089.0|2|2|1|32|0.01|127500.0
4436754|Eagan|1449.0|2|2|2|29|0.01|126000.0
4435330|Rosemount|1450.0|2|1|2|31|0.01|125700.0
4415494|Eagan|1212.0|3|2|2|24|0.01|125000.0
4374720|Rosemount|1440.0|3|2|1|49|0.21|125000.0
4399455|Eagan|1100.0|2|1|2|33|0.04|125000.0
4436983|Eagan|1202.0|2|2|2|39|0.01|125000.0
4436820|Lakeville|1650.0|2|2|2|31|0.01|124900.0
4398465|Burnsville|1450.0|2|2|2|20|0.01|124900.0
4423865|Burnsville|1680.0|3|2|2|34|0.224|124500.0
4427395|Apple Valley|1274.0|2|2|2|13|0.01|120000.0
4436597|Lakeville|1404.0|2|2|2|9|0.029|120000.0
4433544|Eagan|1358.0|3|2|2|28|0.034|120000.0
4421925|Eagan|1278.0|2|2|2|40|0.088|120000.0
4433787|Farmington|1950.0|5|2|2|103|0.469|119900.0
4424107|Eagan|1166.0|3|2|1|30|0.01|119900.0
4386879|Eagan|1017.0|1|1|1|8|0.01|119900.0
4412828|Burnsville|1348.0|2|2|2|36|0.11|119900.0
4420577|Burnsville|1175.0|2|2|1|16|0.01|119900.0
4396023|Eagan|1072.0|2|2|1|31|0.01|119500.0
4436739|Burnsville|1550.0|2|2|2|26|0.01|119000.0
4430371|Rosemount|1266.0|2|2|2|14|0.01|118000.0
4413432|Rosemount|851.0|1|1|1|8|0.01|117500.0
4328599|Burnsville|1175.0|2|2|1|17|0.01|117000.0
4403128|Eagan|1153.0|2|2|1|16|0.01|115000.0
4366889|Apple Valley|1296.0|3|2|2|25|0.08|115000.0
4436722|Eagan|1214.0|2|1|2|37|0.08|115000.0
4430289|Apple Valley|1130.0|2|1|2|29|0.067|115000.0
4405504|Farmington|1632.0|2|2|2|11|0.01|115000.0
4422619|Eagan|1060.0|2|2|1|31|0.01|114900.0
4423677|Apple Valley|1650.0|3|2|2|26|0.04|114900.0
4410234|Burnsville|1175.0|2|2|1|17|0.01|112000.0
4422666|Apple Valley|1076.0|2|1|1|24|0.01|110500.0
4423284|Lakeville|1540.0|2|2|2|11|0.01|110000.0
4420533|Eagan|1000.0|1|2|1|28|0.01|109900.0
4396819|Apple Valley|1160.0|2|2|1|14|0.001|109900.0
4431588|Farmington|1716.0|3|2|2|36|0.01|106900.0
4394069|Rosemount|1304.0|3|2|2|27|0.14|105000.0
4393539|Lakeville|1519.0|2|2|2|10|0.01|105000.0
4415433|Farmington|1441.0|2|2|2|12|0.01|104900.0
4430184|Burnsville|1048.0|2|1|1|30|0.01|104900.0
4391675|Apple Valley|1057.0|2|1|1|32|0.01|102900.0
4426283|Eagan|1052.0|2|2|1|18|0.01|99900.0
4434315|Apple Valley|1744.0|3|2|0|49|0.263|99900.0
4394517|Eagan|2200.0|4|2|2|19|0.28|99900.0
4433149|Burnsville|1555.0|3|2|2|40|0.03|99900.0
4389934|Burnsville|1240.0|2|2|2|40|0.01|99900.0
4428314|Rosemount|1360.0|2|1|2|30|0.104|99900.0
4418771|Burnsville|1550.0|3|2|1|40|0.01|99900.0
4349302|Farmington|1358.0|2|2|2|10|0.01|95000.0
4386674|Burnsville|1528.0|3|2|2|39|0.01|94900.0
4432090|Eagan|966.0|2|1|1|27|0.01|94900.0
4433699|Farmington|1020.0|2|2|1|78|0.235|94600.0
4381133|Burnsville|1312.0|2|2|2|16|0.01|90000.0
4315454|Farmington|1632.0|2|2|2|11|0.01|90000.0
4430383|Burnsville|1176.0|2|2|1|18|0.031|90000.0
4428997|Eagan|1470.0|3|2|1|39|0.01|90000.0
4418881|Rosemount|851.0|1|1|1|8|0.01|90000.0
4434162|Burnsville|1048.0|2|1|1|28|0.01|89900.0
4393286|Farmington|1175.0|2|2|1|10|0.01|89900.0
4401300|Apple Valley|852.0|2|1|2|30|0.13|89900.0
4429427|Apple Valley|1057.0|2|1|1|35|0.01|89000.0
4403442|Burnsville|1048.0|2|1|1|28|0.01|88500.0
4433929|Eagan|1438.0|2|2|1|40|0.036|85000.0
4433984|Apple Valley|1104.0|2|1|1|41|0.04|84900.0
4431223|Apple Valley|1050.0|3|2|1|29|0.01|76500.0
4433505|Burnsville|1494.0|2|2|2|39|0.05|75000.0
4419226|Farmington|1091.0|2|2|2|98|0.12|73000.0
4414505|Apple Valley|1314.0|3|2|1|33|0.01|72500.0
4435349|Eagan|1012.0|2|2|1|33|0.01|69900.0
4436304|Burnsville|812.0|1|1|1|40|0.01|64900.0
4417805|Eagan|1362.0|2|2|1|41|0.01|62900.0
4413912|Apple Valley|1200.0|2|2|1|36|0.01|60000.0
4434915|Burnsville|950.0|2|1|1|43|0.01|56000.0
4436453|Burnsville|950.0|2|1|1|43|0.01|54900.0
4380112|Apple Valley|982.0|2|2|1|32|0.01|54900.0
4434155|Burnsville|950.0|2|1|0|41|0.01|54900.0
4432335|Farmington|992.0|2|2|2|34|0.01|54500.0
4411544|Burnsville|650.0|1|1|1|43|0.01|49900.0
4423815|Burnsville|900.0|2|1|1|43|0.01|49000.0
4422580|Apple Valley|878.0|2|1|1|33|0.01|44900.0
4436538|Eagan|900.0|2|1|0|41|0.01|39900.0
4418581|Burnsville|5540.0|5|4|3|25|0.47|1.0
